IDstr=58414a16245977599247970a
Name=SV-98 7.62x54R bolt-action sniper rifle Default
ShortName=SV-98 Default
Itemtype=Sniper rifle
Recoil=0.000000
Ergonomics=0.000000
Information_Eng=
basePrice=41776
width=6
height=2
avg24hPrice=50931
low24hPrice=37999
lastOfferCount=13
Sell_Prapor=20888
Sell_Fence=16710
Sell_Skier=20470
Sell_Peacekeeper=161
Sell_Mechanic=23394
Sell_Jaeger=25065
Sell_Flea Market=40000
weight=5.188000
fleaMarketFee=2446
propertiestype=ItemPropertiesPreset
