IDstr=584149242459775a7726350a
Name=SIG P226R 9x19 pistol Default
ShortName=P226R Default
Itemtype=Handgun
Recoil=0.000000
Ergonomics=0.000000
Information_Eng=
basePrice=15213
width=2
height=1
avg24hPrice=17294
low24hPrice=10000
lastOfferCount=12
Sell_Prapor=7606
Sell_Fence=6085
Sell_Skier=7454
Sell_Peacekeeper=59
Sell_Mechanic=8519
Sell_Flea Market=15000
weight=0.802000
fleaMarketFee=905
propertiestype=ItemPropertiesPreset
