IDstr=584149242459775a7726350a
Name=SIG P226R 9x19 pistol Default
ShortName=P226R Default
Itemtype=Handgun
Recoil=0.000000
Ergonomics=0.000000
Information_Eng=
basePrice=15213
width=2
height=1
avg24hPrice=15998
low24hPrice=9969
lastOfferCount=12
Sell_Prapor=7606
Sell_Fence=6085
Sell_Skier=7454
Sell_Peacekeeper=60
Sell_Mechanic=8519
Sell_Flea Market=12000
weight=0.802000
fleaMarketFee=826
propertiestype=ItemPropertiesPreset
