IDstr=62a0a098de7ac8199358053b
Name=Awl
ShortName=Awl
Itemtype=Tool
Recoil=0.000000
Ergonomics=0.000000
Information_Eng=An Awl. A necessary tool for making clothes.
basePrice=33000
width=1
height=1
avg24hPrice=26724
low24hPrice=19000
lastOfferCount=44
Sell_Prapor=16500
Sell_Therapist=20790
Sell_Fence=13200
Sell_Mechanic=18480
Sell_Flea Market=24000
weight=0.100000
fleaMarketFee=2549
