IDstr=5d40425986f7743185265461
Name=Nippers
ShortName=Nippers
Itemtype=Tool
Recoil=0.000000
Ergonomics=0.000000
Information_Eng=A tool designed for wire cutting.
basePrice=17000
width=1
height=1
avg24hPrice=10989
low24hPrice=9000
lastOfferCount=43
Sell_Prapor=8500
Sell_Therapist=10710
Sell_Fence=6800
Sell_Mechanic=9520
Sell_Flea Market=10500
weight=0.300000
fleaMarketFee=1240
