IDstr=590c2e1186f77425357b6124
Name=Toolset
ShortName=Toolset
Itemtype=Tool
Recoil=0.000000
Ergonomics=0.000000
Information_Eng=A repairman’s bag with a set of different tools.
basePrice=31000
width=2
height=2
avg24hPrice=37487
low24hPrice=24444
lastOfferCount=87
Sell_Prapor=15500
Sell_Therapist=19530
Sell_Fence=12400
Sell_Mechanic=17360
Sell_Flea Market=31000
weight=0.900000
fleaMarketFee=2945
