IDstr=5737292724597765e5728562
Name=5.45x39mm BP gs ammo pack (120 pcs)
ShortName=BP
Itemtype=Ammo container
Recoil=0.000000
Ergonomics=0.000000
Information_Eng=A waterproof package of 5.45x39 BP gs cartridges, 120 pieces.
basePrice=1000
width=2
height=1
avg24hPrice=71622
low24hPrice=53333
lastOfferCount=11
Sell_Fence=400
Sell_Flea Market=70000
weight=0.100000
fleaMarketFee=30825
propertiestype=
