IDstr=5d03794386f77420415576f5
Name=6-STEN-140-M military battery
ShortName=Tank battery
Itemtype=Battery
Recoil=0.000000
Ergonomics=0.000000
Information_Eng=Tank battery with increased capacity. Milspec electronics.
basePrice=330000
width=4
height=2
avg24hPrice=216309
low24hPrice=200000
lastOfferCount=66
Sell_Therapist=207900
Sell_Fence=132000
Sell_Peacekeeper=1291
Sell_Mechanic=184800
Sell_Jaeger=198000
Sell_Flea Market=211111
weight=43.200001
fleaMarketFee=24302
