Name=SA-58 7.62x51 16 inch barrel
ShortName=SA58 16"
Itemtype=Barrel
Recoil=-6.000000
Ergonomics=-18.000000
Information_Eng=A 16 inch (406mm) barrel for DS Arms SA-58 7.62x51.
basePrice=23397
width=3
height=1
avg24hPrice=34040
low24hPrice=20222
lastOfferCount=11
Sell_Prapor=11698
Sell_Fence=9358
Sell_Skier=11464
Sell_Peacekeeper=92
Sell_Mechanic=13102
Sell_Jaeger=14038
Sell_Flea Market=23000
weight=0.609000
fleaMarketFee=2190
