Name=SR-25 7.62x51 16 inch barrel
ShortName=SR-25 16"
Itemtype=Barrel
Recoil=-5.000000
Ergonomics=-12.000000
Information_Eng=A 16 inch (406mm) barrel for AR-10 based weapons for 7.62x51 NATO ammo.
basePrice=28700
width=3
height=1
avg24hPrice=32064
low24hPrice=16666
lastOfferCount=17
Sell_Prapor=14350
Sell_Fence=11480
Sell_Skier=14063
Sell_Peacekeeper=112
Sell_Mechanic=16072
Sell_Jaeger=17220
Sell_Flea Market=24000
weight=1.020000
fleaMarketFee=2390
