Name=SA-58 7.62x51 21 inch barrel
ShortName=SA58 21"
Itemtype=Barrel
Recoil=-8.000000
Ergonomics=-28.000000
Information_Eng=A 21 inch (533mm) barrel for DS Arms SA-58 7.62x51.
basePrice=33060
width=4
height=1
avg24hPrice=54341
low24hPrice=30000
lastOfferCount=2
Sell_Prapor=16530
Sell_Fence=13224
Sell_Skier=16199
Sell_Peacekeeper=129
Sell_Mechanic=18513
Sell_Jaeger=19836
Sell_Flea Market=37027
weight=0.784000
fleaMarketFee=3425
