IDstr=5e848d1c264f7c180b5e35a9
Name=KS-23 23x75 510mm barrel
ShortName=KS23 510mm
Itemtype=Barrel
Recoil=-4.000000
Ergonomics=-4.000000
Information_Eng=A 510mm long barrel for the KS-23 23x75mm pump-action shotgun.
basePrice=8100
width=3
height=1
avg24hPrice=37600
low24hPrice=18888
lastOfferCount=12
Sell_Prapor=4050
Sell_Fence=3240
Sell_Skier=3969
Sell_Peacekeeper=32
Sell_Mechanic=4536
Sell_Jaeger=4860
Sell_Flea Market=24444
weight=0.910000
fleaMarketFee=2891
