Name=HK G36 5.56x45 228mm barrel
ShortName=G36 228mm
Itemtype=Barrel
Recoil=-2.000000
Ergonomics=-8.000000
Information_Eng=A 228mm 5.56x45 NATO barrel for the HK G36 assault rifle.
basePrice=14000
width=2
height=1
avg24hPrice=16411
low24hPrice=14000
lastOfferCount=5
Sell_Prapor=7000
Sell_Fence=5600
Sell_Skier=6860
Sell_Peacekeeper=55
Sell_Mechanic=7840
Sell_Jaeger=8400
Sell_Flea Market=15999
weight=0.390000
fleaMarketFee=1476
