Name=HK G36 5.56x45 318mm barrel
ShortName=G36 318mm
Itemtype=Barrel
Recoil=-3.000000
Ergonomics=-12.000000
Information_Eng=A 318mm 5.56x45 NATO barrel for the HK G36 assault rifle.
basePrice=16500
width=3
height=1
avg24hPrice=33269
low24hPrice=20869
lastOfferCount=9
Sell_Prapor=8250
Sell_Fence=6600
Sell_Skier=8085
Sell_Peacekeeper=65
Sell_Mechanic=9240
Sell_Jaeger=9900
Sell_Flea Market=24000
weight=0.470000
fleaMarketFee=2211
