Name=SA-58 7.62x51 11 inch barrel
ShortName=SA58 11"
Itemtype=Barrel
Recoil=-2.000000
Ergonomics=-8.000000
Information_Eng=An 11 inch (280mm) long barrel for DS Arms SA-58 7.62x51.
basePrice=21337
width=2
height=1
avg24hPrice=26976
low24hPrice=12500
lastOfferCount=7
Sell_Prapor=10668
Sell_Fence=8534
Sell_Skier=10455
Sell_Peacekeeper=83
Sell_Mechanic=11948
Sell_Jaeger=12802
Sell_Flea Market=25000
weight=0.409000
fleaMarketFee=2299
