IDstr=59387a4986f77401cc236e62
Name=Dorm room 114 key
ShortName=Dorm 114
Itemtype=Mechanical Key
Map=Customs
Recoil=0.000000
Ergonomics=0.000000
Information_Eng=A key to the two-story dormitory with a tag reading "114" on it.
basePrice=21050
width=1
height=1
avg24hPrice=235524
low24hPrice=185000
lastOfferCount=9
Sell_Prapor=10525
Sell_Therapist=13261
Sell_Flea Market=280550
weight=0.010000
fleaMarketFee=81388
