IDstr=63a39f18c2d53c2c6839c1d3
Name=Hotel room 206 key
ShortName=Pnwd 206
Itemtype=Mechanical Key
Map=Streets of Tarkov
Recoil=0.000000
Ergonomics=0.000000
Information_Eng=A key to Pinewood hotel room 206.
basePrice=21554
width=1
height=1
avg24hPrice=311291
low24hPrice=220000
lastOfferCount=42
Sell_Prapor=10777
Sell_Therapist=13579
Sell_Flea Market=295000
weight=0.010000
fleaMarketFee=87076
