IDstr=57372fc52459776998772ca1
Name=5.45x39mm US gs ammo pack (120 pcs)
ShortName=US
Itemtype=Ammo container
Recoil=0.000000
Ergonomics=0.000000
Information_Eng=A damaged waterproof package of 5.45x39 US cartridges, 120 pieces.
basePrice=1000
width=2
height=1
avg24hPrice=11639
low24hPrice=6999
lastOfferCount=4
Sell_Fence=400
Sell_Flea Market=19000
weight=0.100000
fleaMarketFee=6958
