IDstr=57372f5c24597769917c0131
Name=5.45x39mm T gs ammo pack (30 pcs)
ShortName=T
Itemtype=Ammo container
Recoil=0.000000
Ergonomics=0.000000
Information_Eng=A paper package of 5.45x39 T gs cartridges, 30 pieces.
basePrice=1000
width=1
height=1
avg24hPrice=10423
low24hPrice=7000
lastOfferCount=4
Sell_Fence=400
Sell_Flea Market=7000
weight=0.015000
fleaMarketFee=1345
