IDstr=57372ac324597767001bc261
Name=5.45x39mm BP gs ammo pack (30 pcs)
ShortName=BP
Itemtype=Ammo container
Recoil=0.000000
Ergonomics=0.000000
Information_Eng=A paper package of 5.45x39 BP gs cartridges, 30 pieces.
basePrice=1000
width=1
height=1
avg24hPrice=27922
low24hPrice=11111
lastOfferCount=17
Sell_Fence=400
Sell_Flea Market=20000
weight=0.015000
fleaMarketFee=3790
propertiestype=
