IDstr=5d23376786f77459bb77d838
Name=FN P90 5.7x28 submachine gun Default
ShortName=P90 Default
Itemtype=SMG
Recoil=0.000000
Ergonomics=0.000000
Information_Eng=
basePrice=104150
width=3
height=2
avg24hPrice=72859
low24hPrice=58122
lastOfferCount=17
Sell_Prapor=52075
Sell_Fence=41660
Sell_Skier=51033
Sell_Peacekeeper=404
Sell_Mechanic=58324
Sell_Flea Market=64000
weight=2.974000
fleaMarketFee=5480
propertiestype=ItemPropertiesPreset
