IDstr=5d23467086f77443f37fc602
Name=ASh-12 12.7x55 assault rifle Default
ShortName=ASh-12 Default
Itemtype=Assault rifle
Recoil=0.000000
Ergonomics=0.000000
Information_Eng=
basePrice=113705
width=4
height=2
avg24hPrice=64191
low24hPrice=59000
lastOfferCount=35
Sell_Prapor=56852
Sell_Fence=45482
Sell_Skier=55715
Sell_Peacekeeper=445
Sell_Mechanic=63674
Sell_Flea Market=60000
weight=6.170000
fleaMarketFee=6053
propertiestype=ItemPropertiesPreset
