IDstr=639868a207a3eb0207197bb5
Name=RSh-12 12.7x55 revolver Default
ShortName=RSh-12 Default
Itemtype=Revolver
Recoil=0.000000
Ergonomics=0.000000
Information_Eng=
basePrice=38343
width=2
height=1
avg24hPrice=64845
low24hPrice=44999
lastOfferCount=23
Sell_Prapor=19171
Sell_Fence=15337
Sell_Skier=18788
Sell_Peacekeeper=149
Sell_Mechanic=21472
Sell_Flea Market=60000
weight=2.200000
fleaMarketFee=3159
propertiestype=ItemPropertiesPreset
