Name=5.56x45 SureFire MAG5-100 STANAG 100-round magazine
ShortName=MAG5-100
Itemtype=Magazine
Recoil=0.000000
Ergonomics=-27.000000
Information_Eng=A 100-round 5.56x45 SureFire MAG5-100 metal high capacity magazine.
basePrice=37755
width=1
height=3
avg24hPrice=35639
low24hPrice=23000
lastOfferCount=26
Sell_Prapor=18877
Sell_Fence=15102
Sell_Skier=18499
Sell_Peacekeeper=148
Sell_Mechanic=21142
Sell_Flea Market=39999
weight=0.270000
fleaMarketFee=3739
