IDstr=5ea034f65aad6446a939737e
Name=PPSh-41 7.62x25 71-round drum magazine
ShortName=PPSh
Itemtype=Magazine
Recoil=0.000000
Ergonomics=-9.000000
Information_Eng=A 71-round 7.62x25 steel drum magazine for the PPSh-41.
basePrice=16000
width=2
height=2
avg24hPrice=27112
low24hPrice=14000
lastOfferCount=7
Sell_Prapor=8000
Sell_Fence=6400
Sell_Skier=7840
Sell_Peacekeeper=63
Sell_Mechanic=8960
Sell_Flea Market=15000
weight=0.900000
fleaMarketFee=1442
