IDstr=5d23467086f77443f37fc602
Name=ASh-12 12.7x55 assault rifle Default
ShortName=ASh-12 Default
Itemtype=Assault rifle
Recoil=0.000000
Ergonomics=0.000000
Information_Eng=
basePrice=113705
width=4
height=2
avg24hPrice=64979
low24hPrice=54999
lastOfferCount=20
Sell_Prapor=56852
Sell_Fence=45482
Sell_Skier=55715
Sell_Peacekeeper=441
Sell_Mechanic=63674
Sell_Flea Market=62222
weight=6.170000
fleaMarketFee=6025
propertiestype=ItemPropertiesPreset
