IDstr=5c0d1e9386f77440120288b7
Name=HK 416A5 5.56x45 assault rifle Default
ShortName=HK 416A5 Default
Itemtype=Assault rifle
Recoil=0.000000
Ergonomics=0.000000
Information_Eng=
basePrice=87300
width=5
height=2
avg24hPrice=55369
low24hPrice=45000
lastOfferCount=40
Sell_Prapor=43650
Sell_Fence=34920
Sell_Skier=42777
Sell_Peacekeeper=339
Sell_Mechanic=48888
Sell_Flea Market=52000
weight=3.819000
fleaMarketFee=4596
propertiestype=ItemPropertiesPreset
