IDstr=5d4d617f86f77449c463d107
Name=Lone Star TX-15 DML 5.56x45 carbine Default
ShortName=TX-15 DML Default
Itemtype=Assault rifle
Recoil=0.000000
Ergonomics=0.000000
Information_Eng=
basePrice=195447
width=6
height=2
avg24hPrice=120891
low24hPrice=77777
lastOfferCount=13
Sell_Prapor=97723
Sell_Fence=78178
Sell_Skier=95769
Sell_Peacekeeper=758
Sell_Mechanic=109450
Sell_Flea Market=100000
weight=3.322000
fleaMarketFee=10455
propertiestype=ItemPropertiesPreset
