IDstr=5d23376786f77459bb77d838
Name=FN P90 5.7x28 submachine gun Default
ShortName=P90 Default
Itemtype=SMG
Recoil=0.000000
Ergonomics=0.000000
Information_Eng=
basePrice=104150
width=3
height=2
avg24hPrice=73163
low24hPrice=53333
lastOfferCount=18
Sell_Prapor=52075
Sell_Fence=41660
Sell_Skier=51033
Sell_Peacekeeper=404
Sell_Mechanic=58324
Sell_Flea Market=66666
weight=2.974000
fleaMarketFee=5483
propertiestype=ItemPropertiesPreset
