IDstr=59fb023c86f7746d0d4b423c
Name=Weapon case
ShortName=Weapons
Itemtype=Common container
Recoil=0.000000
Ergonomics=0.000000
Information_Eng=A storage case for weapons, ammunition, and weapon parts.
basePrice=874566
width=5
height=2
avg24hPrice=7837083
low24hPrice=7200000
lastOfferCount=10
Sell_Therapist=550976
Sell_Ragman=542230
Sell_Jaeger=524739
Sell_Flea Market=7200000
weight=9.000000
fleaMarketFee=1532011
